1 0.022248 0.904792 0.002307 0.017654
1 0.929301 0.898172 0.006262 0.011980
1 0.025214 0.889660 0.007581 0.023960
1 0.780488 0.885876 0.009888 0.018916
1 0.752307 0.888714 0.013514 0.024590
1 0.587838 0.877364 0.004285 0.009458
1 0.681114 0.871059 0.007581 0.014502
1 0.791035 0.867591 0.002637 0.010088
1 0.908701 0.865385 0.001318 0.010719
1 0.737310 0.860656 0.003296 0.007566
1 0.662492 0.865069 0.001318 0.022699
1 0.870303 0.857818 0.003626 0.019546
1 0.777686 0.860340 0.003626 0.024590
1 0.658372 0.871375 0.001648 0.046658
1 0.886618 0.858449 0.004614 0.022068
1 0.829598 0.858449 0.004614 0.022068
1 0.813448 0.857503 0.003296 0.020177
1 0.595913 0.855296 0.001318 0.015763
1 0.757251 0.858764 0.001648 0.025221
1 0.788893 0.852144 0.006922 0.013241
1 0.773237 0.861602 0.002637 0.032156
1 0.908537 0.851513 0.001648 0.014502
1 0.924522 0.858449 0.002637 0.032156
1 0.744726 0.849937 0.006262 0.015132
1 0.718029 0.846469 0.006922 0.011980
1 0.588827 0.849306 0.004285 0.017654
1 0.724786 0.851198 0.004614 0.023960
1 0.684080 0.848991 0.003626 0.019546
1 0.571358 0.848676 0.004944 0.020177
1 0.736322 0.843947 0.005274 0.011980
1 0.230554 0.841425 0.004285 0.006936
1 0.701220 0.848361 0.004944 0.022068
1 0.810811 0.848676 0.006592 0.029004
1 0.596243 0.835435 0.001318 0.022699
1 0.667765 0.833859 0.001318 0.023329
1 0.662327 0.830076 0.001648 0.015763
1 0.266480 0.830706 0.009558 0.017024
1 0.766480 0.828815 0.001648 0.015763
1 0.591134 0.842055 0.004285 0.048550
1 0.933586 0.825347 0.001648 0.017654
1 0.762690 0.830706 0.001978 0.028373
1 0.887772 0.821564 0.003626 0.016393
1 0.813283 0.821879 0.003626 0.019546
1 0.909525 0.819672 0.002966 0.017654
1 0.870962 0.821564 0.004285 0.021438
1 0.830587 0.819987 0.003296 0.018285
1 0.923368 0.821564 0.003626 0.022699
1 0.658701 0.820933 0.002307 0.022699
1 0.671885 0.813367 0.001648 0.008827
1 0.540211 0.818726 0.011206 0.023329
1 0.701549 0.814943 0.005603 0.018285
1 0.262195 0.813367 0.002307 0.016393
1 0.684904 0.813367 0.005274 0.020177
1 0.738794 0.816204 0.002966 0.030895
1 0.722314 0.815889 0.002966 0.030265
1 0.571358 0.810214 0.005603 0.021438
1 0.790376 0.802648 0.005274 0.011349
1 0.933256 0.805485 0.001648 0.022068
1 0.662821 0.802963 0.002637 0.024590
1 0.142881 0.796343 0.004944 0.013871
1 0.671885 0.797919 0.001648 0.020807
1 0.265656 0.788777 0.001978 0.007566
1 0.188036 0.793506 0.002966 0.017024
1 0.791035 0.790038 0.003955 0.011349
1 0.905900 0.795712 0.012854 0.025221
1 0.747693 0.807692 0.002307 0.049180
1 0.744397 0.804224 0.002966 0.042245
1 0.778510 0.795082 0.005933 0.027743
1 0.190837 0.792245 0.001978 0.024590
1 0.168919 0.786570 0.002307 0.013241
1 0.757251 0.790353 0.002307 0.022068
1 0.403263 0.785939 0.004285 0.014502
1 0.772742 0.794451 0.003626 0.032787
1 0.399802 0.782472 0.003955 0.008827
1 0.369150 0.785624 0.004614 0.015132
1 0.313942 0.784994 0.002307 0.013871
1 0.124094 0.784048 0.002307 0.011980
1 0.533619 0.790038 0.013184 0.025221
1 0.798451 0.782787 0.006922 0.013241
1 0.829927 0.785624 0.004614 0.021438
1 0.212261 0.780895 0.002637 0.011980
1 0.870798 0.784678 0.004614 0.022068
1 0.353659 0.781211 0.005933 0.015132
1 0.129367 0.789723 0.008240 0.033417
1 0.490771 0.780580 0.009888 0.017654
1 0.172050 0.786255 0.002637 0.030265
1 0.107943 0.785309 0.001648 0.029634
1 0.588827 0.775851 0.002966 0.013241
1 0.747858 0.775536 0.001978 0.013871
1 0.668754 0.782472 0.002637 0.029004
1 0.271589 0.780265 0.001978 0.025851
1 0.247363 0.774590 0.001648 0.014502
1 0.684245 0.776166 0.003955 0.018916
1 0.453691 0.776166 0.004285 0.018916
1 0.156394 0.774905 0.008240 0.016393
1 0.933421 0.775851 0.001318 0.019546
1 0.458471 0.775536 0.003955 0.022699
1 0.365030 0.767339 0.003626 0.007566
1 0.387113 0.774590 0.004944 0.025851
1 0.398978 0.765763 0.003626 0.010719
1 0.462096 0.767024 0.004614 0.022068
1 0.500165 0.763241 0.008240 0.015763
1 0.262030 0.762610 0.001318 0.014502
1 0.671556 0.762295 0.002307 0.023960
1 0.271589 0.756620 0.001978 0.012610
1 0.369644 0.760719 0.002307 0.022068
1 0.230059 0.774905 0.003296 0.051702
1 0.124588 0.756305 0.005274 0.015763
1 0.749176 0.753153 0.005933 0.010719
1 0.233850 0.772068 0.002966 0.049811
1 0.658701 0.774275 0.002307 0.055485
1 0.313777 0.761034 0.001978 0.032787
1 0.401121 0.747793 0.001978 0.010088
1 0.367172 0.747163 0.001318 0.008827
1 0.551582 0.755044 0.014832 0.028373
1 0.310976 0.746532 0.002307 0.012610
1 0.870798 0.749369 0.003955 0.020807
1 0.923863 0.750000 0.003955 0.023329
1 0.829763 0.748108 0.006262 0.023329
1 0.454845 0.743380 0.003296 0.021438
1 0.280982 0.743695 0.002307 0.023329
1 0.230719 0.736759 0.001978 0.011980
1 0.234344 0.737074 0.002637 0.013871
1 0.685069 0.739596 0.005603 0.020177
1 0.658701 0.737390 0.001648 0.017024
1 0.139585 0.737074 0.005603 0.017654
1 0.934245 0.735498 0.002966 0.019546
1 0.740112 0.735498 0.010218 0.020807
1 0.438530 0.739281 0.002307 0.029634
1 0.367337 0.731084 0.003626 0.013241
1 0.385630 0.738651 0.003296 0.029634
1 0.310976 0.729193 0.002307 0.010719
1 0.401450 0.730454 0.003296 0.014502
1 0.211931 0.727301 0.001978 0.009458
1 0.672874 0.733607 0.003626 0.028373
1 0.349703 0.736129 0.005274 0.033417
1 0.668260 0.737390 0.002307 0.037201
1 0.176170 0.728247 0.002307 0.020177
1 0.161833 0.727932 0.004614 0.024590
1 0.118985 0.736129 0.012525 0.042245
1 0.234015 0.720996 0.002637 0.015763
1 0.230389 0.719105 0.002637 0.011980
1 0.180949 0.719735 0.005933 0.015763
1 0.771753 0.713430 0.003626 0.005675
1 0.730059 0.716267 0.007251 0.013871
1 0.888266 0.707755 0.003955 0.008197
1 0.870962 0.713115 0.003626 0.020177
1 0.830422 0.713430 0.004285 0.020807
1 0.588827 0.705864 0.003626 0.009458
1 0.909196 0.713745 0.001648 0.031526
1 0.766809 0.703972 0.006922 0.013241
1 0.702703 0.704603 0.002637 0.014502
1 0.178642 0.703026 0.006592 0.011349
1 0.924852 0.712799 0.002637 0.033417
1 0.314107 0.710908 0.002637 0.032156
1 0.757086 0.697982 0.005274 0.008827
1 0.770435 0.698928 0.006922 0.013241
1 0.139750 0.703342 0.011866 0.023329
1 0.662492 0.700189 0.001978 0.018285
1 0.150297 0.706810 0.019776 0.041614
1 0.279499 0.698613 0.005933 0.027743
1 0.403428 0.688525 0.003296 0.010088
1 0.289057 0.740542 0.003955 0.115385
1 0.684410 0.686633 0.002307 0.008827
1 0.452538 0.689470 0.005274 0.015763
1 0.149308 0.685687 0.003296 0.008197
1 0.375577 0.684741 0.003626 0.008827
1 0.463085 0.689786 0.005274 0.021438
1 0.435893 0.688840 0.006922 0.019546
1 0.298945 0.683796 0.003296 0.009458
1 0.293342 0.738020 0.003296 0.124212
1 0.701220 0.676230 0.002966 0.006936
1 0.742749 0.679382 0.008240 0.017024
1 0.365030 0.680643 0.004285 0.023329
1 0.792518 0.678752 0.002966 0.023329
1 0.479235 0.681274 0.006592 0.028373
1 0.871127 0.677175 0.003955 0.021438
1 0.392716 0.680328 0.004944 0.027743
1 0.830092 0.677175 0.004944 0.022699
1 0.451220 0.670870 0.005274 0.011349
1 0.435728 0.672131 0.005933 0.013871
1 0.355636 0.683165 0.005274 0.035939
1 0.747858 0.669924 0.004614 0.010719
1 0.382498 0.679067 0.004944 0.030265
1 0.571028 0.670555 0.004944 0.015763
1 0.777027 0.676230 0.002307 0.029634
1 0.760053 0.675284 0.005933 0.027743
1 0.770765 0.673707 0.006262 0.025851
1 0.754944 0.668033 0.005603 0.015763
1 0.589815 0.665195 0.002966 0.012610
1 0.089980 0.665826 0.004614 0.013871
1 0.685399 0.668663 0.004285 0.020807
1 0.934080 0.687894 0.001978 0.063052
1 0.740771 0.666456 0.009558 0.020177
1 0.662657 0.667718 0.002307 0.023960
1 0.374588 0.674968 0.005603 0.038462
1 0.129367 0.659836 0.004944 0.022068
1 0.659031 0.686948 0.002307 0.077554
1 0.071852 0.651955 0.001978 0.008827
1 0.271589 0.655107 0.012525 0.023960
1 0.113052 0.655422 0.005933 0.027112
1 0.738794 0.653846 0.012854 0.025221
1 0.258075 0.649433 0.007910 0.016393
1 0.234179 0.676545 0.002966 0.070618
1 0.129862 0.649117 0.001978 0.017024
1 0.054878 0.654792 0.003626 0.029634
1 0.724127 0.645019 0.009888 0.017654
1 0.076632 0.651639 0.010218 0.032156
1 0.702538 0.639344 0.004944 0.008827
1 0.501813 0.642497 0.001648 0.018916
1 0.290046 0.646595 0.001978 0.027112
1 0.730883 0.635876 0.005603 0.009458
1 0.311635 0.638083 0.002966 0.013871
1 0.888926 0.639660 0.002637 0.018285
1 0.314107 0.644704 0.001978 0.033417
1 0.937871 0.639344 0.001648 0.025221
1 0.909361 0.639029 0.002637 0.025851
1 0.686882 0.630832 0.003296 0.009458
1 0.924522 0.640921 0.002637 0.033417
1 0.570699 0.632093 0.003626 0.017024
1 0.233685 0.628941 0.001978 0.010719
1 0.941991 0.634931 0.001978 0.023960
1 0.685564 0.632409 0.003955 0.020177
1 0.589156 0.630202 0.003626 0.017024
1 0.574160 0.625158 0.005274 0.006936
1 0.680784 0.628310 0.003626 0.017024
1 0.399802 0.620429 0.007251 0.011349
1 0.666777 0.659836 0.002637 0.098991
1 0.316579 0.619483 0.002966 0.020807
1 0.858438 0.622005 0.003626 0.030895
1 0.683751 0.611602 0.004285 0.012610
1 0.826302 0.607818 0.002637 0.006305
1 0.739618 0.605927 0.002637 0.012610
1 0.724621 0.605612 0.003626 0.011980
1 0.813777 0.606242 0.003296 0.015763
1 0.791529 0.603720 0.002966 0.010719
1 0.889090 0.601828 0.002966 0.009458
1 0.789057 0.600883 0.002637 0.010088
1 0.316579 0.601828 0.001648 0.011980
1 0.662821 0.613178 0.001318 0.037201
1 0.871127 0.603720 0.004614 0.019546
1 0.830587 0.602459 0.004614 0.017024
1 0.809657 0.600883 0.002966 0.015132
1 0.924522 0.603090 0.003955 0.023329
1 0.073336 0.608134 0.006922 0.033417
1 0.934410 0.609710 0.002637 0.039092
1 0.861239 0.599306 0.001978 0.018285
1 0.129697 0.604666 0.005603 0.029004
1 0.589980 0.593317 0.002637 0.011349
1 0.055702 0.603720 0.007251 0.034678
1 0.685728 0.593317 0.004285 0.016393
1 0.778510 0.596784 0.005274 0.027112
1 0.571193 0.592686 0.005274 0.018916
1 0.501978 0.607188 0.001978 0.047919
1 0.739453 0.587957 0.002966 0.010719
1 0.773731 0.597100 0.003626 0.030265
1 0.428807 0.594262 0.002637 0.024590
1 0.352670 0.596154 0.004614 0.029634
1 0.758570 0.586696 0.002307 0.011980
1 0.723632 0.587642 0.001648 0.013871
1 0.505933 0.593001 0.001978 0.024590
1 0.408042 0.593947 0.004614 0.027743
1 0.788563 0.587957 0.008899 0.018285
1 0.007910 0.585750 0.001978 0.013871
1 0.938200 0.589533 0.001648 0.022699
1 0.663316 0.586066 0.001648 0.015763
1 0.349044 0.593317 0.005274 0.030265
1 0.333059 0.591110 0.007581 0.029634
1 0.289881 0.584805 0.002307 0.019546
1 0.942156 0.587642 0.002307 0.034048
1 0.857614 0.587642 0.001978 0.039092
1 0.422544 0.585435 0.009888 0.040984
1 0.293672 0.620113 0.003296 0.110340
1 0.861074 0.577554 0.002307 0.026482
1 0.414305 0.569357 0.002637 0.015132
1 0.820864 0.569672 0.002307 0.023329
1 0.825313 0.566520 0.003955 0.024590
1 0.571028 0.561160 0.004285 0.015132
1 0.007746 0.559899 0.001648 0.013871
1 0.073500 0.563052 0.005274 0.021438
1 0.831081 0.570618 0.007581 0.039092
1 0.702868 0.553594 0.002966 0.005044
1 0.183751 0.558638 0.005603 0.015132
1 0.590145 0.557062 0.001648 0.014502
1 0.686388 0.559269 0.005603 0.020177
1 0.289881 0.562106 0.002307 0.025851
1 0.150791 0.557377 0.002966 0.018916
1 0.857943 0.555801 0.002637 0.019546
1 0.938036 0.559899 0.001318 0.035309
1 0.182268 0.548550 0.003296 0.012610
1 0.054878 0.554855 0.004285 0.025221
1 0.479400 0.547604 0.004285 0.011980
1 0.212261 0.546658 0.001978 0.010088
1 0.165623 0.557692 0.008240 0.032156
1 0.861569 0.549496 0.001978 0.020807
1 0.501813 0.557692 0.001648 0.038462
1 0.131015 0.554224 0.006922 0.032787
1 0.683751 0.543506 0.004285 0.012610
1 0.312788 0.545712 0.004614 0.017024
1 0.294496 0.552333 0.004285 0.034048
1 0.424522 0.548235 0.005933 0.027112
1 0.408372 0.546974 0.005274 0.024590
1 0.290376 0.540038 0.001318 0.010719
1 0.230059 0.620113 0.003955 0.170870
1 0.702703 0.540353 0.003955 0.012610
1 0.438036 0.540353 0.003296 0.012610
1 0.462920 0.541299 0.004944 0.025851
1 0.332564 0.542245 0.005274 0.029004
1 0.007251 0.537201 0.002637 0.018916
1 0.790211 0.532787 0.005603 0.012610
1 0.737805 0.532472 0.006922 0.011980
1 0.702538 0.529950 0.004285 0.006936
1 0.659031 0.587011 0.002307 0.121059
1 0.435893 0.539407 0.004944 0.025851
1 0.512690 0.530265 0.002307 0.010088
1 0.758405 0.532156 0.002637 0.015132
1 0.571688 0.528373 0.003626 0.007566
1 0.451384 0.536570 0.007581 0.026482
1 0.667106 0.565574 0.002637 0.088272
1 0.534113 0.529004 0.002307 0.015132
1 0.478906 0.529634 0.007251 0.017654
1 0.144693 0.527427 0.003955 0.015763
1 0.068227 0.525221 0.001978 0.012610
1 0.445287 0.519231 0.002637 0.006936
1 0.135794 0.527112 0.001978 0.022699
1 0.060646 0.525851 0.001978 0.022699
1 0.685234 0.518600 0.002637 0.009458
1 0.314107 0.516393 0.003955 0.005044
1 0.574654 0.517024 0.005603 0.007566
1 0.703362 0.516393 0.006592 0.007566
1 0.854812 0.528373 0.006922 0.034048
1 0.848879 0.525851 0.002966 0.031526
1 0.791694 0.516709 0.004614 0.013241
1 0.726104 0.521438 0.005274 0.022699
1 0.865854 0.522383 0.006592 0.025851
1 0.832235 0.524275 0.003296 0.029634
1 0.758240 0.514817 0.001648 0.010719
1 0.511701 0.515132 0.004285 0.011349
1 0.779829 0.522068 0.006592 0.026482
1 0.737640 0.514817 0.006592 0.011980
1 0.773896 0.523329 0.003296 0.031526
1 0.535761 0.516709 0.004285 0.018285
1 0.496704 0.521753 0.001318 0.029634
1 0.934575 0.516393 0.002307 0.020177
1 0.549769 0.512926 0.003955 0.013241
1 0.090969 0.507566 0.003296 0.011349
1 0.207647 0.516709 0.001978 0.034678
1 0.007581 0.513871 0.002637 0.036570
1 0.200396 0.526482 0.003296 0.065574
1 0.663316 0.511665 0.002307 0.039723
1 0.931608 0.497793 0.007581 0.017024
1 0.510382 0.494325 0.004944 0.010088
1 0.075478 0.497163 0.006592 0.024590
1 0.445616 0.489281 0.001978 0.011349
1 0.128543 0.498108 0.007251 0.030265
1 0.113217 0.497163 0.006262 0.028373
1 0.678312 0.484868 0.006592 0.006305
1 0.055867 0.496847 0.003626 0.030265
1 0.839156 0.495271 0.002637 0.029634
1 0.347726 0.486759 0.003296 0.012610
1 0.536256 0.488966 0.005274 0.018285
1 0.590145 0.481400 0.002966 0.006936
1 0.254285 0.484552 0.004285 0.013241
1 0.147989 0.498108 0.004614 0.045397
1 0.475445 0.479193 0.004285 0.010088
1 0.457482 0.487705 0.004614 0.027112
1 0.441826 0.495902 0.002966 0.046028
1 0.547462 0.484868 0.006592 0.025221
1 0.007746 0.484237 0.002307 0.023960
1 0.510053 0.478562 0.006262 0.017654
1 0.464239 0.484868 0.006262 0.030265
1 0.214733 0.478878 0.004944 0.019546
1 0.274720 0.479823 0.002966 0.023960
1 0.873764 0.471627 0.004614 0.010088
1 0.848715 0.470050 0.003955 0.006936
1 0.348055 0.470681 0.003296 0.011980
1 0.774885 0.468789 0.005274 0.011980
1 0.254450 0.469420 0.003955 0.013241
1 0.194792 0.477301 0.002637 0.030265
1 0.330751 0.478247 0.008240 0.034678
1 0.271259 0.470050 0.005274 0.019546
1 0.835036 0.467213 0.002966 0.015132
1 0.830916 0.462169 0.002637 0.016393
1 0.849374 0.458701 0.003296 0.013241
1 0.697924 0.455549 0.002966 0.006936
1 0.911997 0.459647 0.005933 0.020177
1 0.836190 0.454603 0.003955 0.010088
1 0.924852 0.465006 0.007910 0.032156
1 0.885300 0.456494 0.005933 0.015132
1 0.874258 0.457440 0.005603 0.017024
1 0.737970 0.461538 0.006592 0.025221
1 0.771589 0.455233 0.007251 0.015132
1 0.724786 0.462799 0.008570 0.030265
1 0.007910 0.450820 0.001978 0.016393
1 0.702373 0.444199 0.003296 0.006936
1 0.091793 0.447352 0.002966 0.013241
1 0.686223 0.448613 0.004614 0.018285
1 0.755109 0.448928 0.002637 0.022699
1 0.267798 0.446406 0.002966 0.018916
1 0.260382 0.444515 0.001318 0.031526
1 0.758899 0.434741 0.002966 0.015763
1 0.076137 0.437894 0.005933 0.025851
1 0.777357 0.436318 0.001648 0.026482
1 0.813942 0.428436 0.006262 0.023329
1 0.801912 0.425599 0.004614 0.026482
1 0.439189 0.417402 0.002307 0.011349
1 0.286750 0.417087 0.003955 0.010719
1 0.013514 0.416141 0.003296 0.008827
1 0.774390 0.425599 0.002966 0.030265
1 0.687212 0.416141 0.003296 0.011349
1 0.270600 0.414565 0.003955 0.010719
1 0.538233 0.414250 0.001978 0.011349
1 0.236981 0.416141 0.004614 0.015132
1 0.547462 0.413619 0.002637 0.011349
1 0.164634 0.417718 0.006922 0.019546
1 0.537080 0.417718 0.006262 0.020807
1 0.351022 0.414565 0.001978 0.015763
1 0.703032 0.415511 0.003955 0.020177
1 0.685728 0.411728 0.003626 0.015132
1 0.588827 0.414880 0.004944 0.022699
1 0.074160 0.410151 0.001978 0.015763
1 0.007416 0.413619 0.002966 0.022699
1 0.496869 0.415511 0.002966 0.027743
1 0.304713 0.413619 0.002966 0.026482
1 0.329433 0.413619 0.005603 0.027743
1 0.298451 0.406368 0.006922 0.014502
1 0.238299 0.403846 0.004614 0.010719
1 0.457317 0.412043 0.004944 0.028373
1 0.163810 0.402900 0.003296 0.010088
1 0.511206 0.408575 0.004614 0.022699
1 0.345419 0.401324 0.003955 0.008197
1 0.253626 0.412043 0.004944 0.029634
1 0.733685 0.409206 0.001978 0.026482
1 0.271753 0.402900 0.002307 0.013871
1 0.532960 0.406368 0.005274 0.029634
1 0.273731 0.412989 0.001648 0.044136
1 0.737310 0.401009 0.001978 0.029004
1 0.515656 0.401639 0.002966 0.034048
1 0.537245 0.385876 0.004614 0.011349
1 0.814601 0.391236 0.006262 0.027112
1 0.801912 0.389975 0.005274 0.027112
1 0.734015 0.385876 0.001978 0.018916
1 0.725610 0.400063 0.002966 0.052333
1 0.092287 0.376419 0.004614 0.008827
1 0.074819 0.382409 0.007251 0.023329
1 0.491101 0.384615 0.007910 0.029004
1 0.497198 0.377680 0.003626 0.016393
1 0.685728 0.378625 0.003626 0.019546
1 0.932268 0.370113 0.002307 0.003783
1 0.703032 0.377680 0.003955 0.018916
1 0.588991 0.377364 0.005933 0.020807
1 0.539387 0.377049 0.005603 0.021438
1 0.510053 0.369798 0.006262 0.013241
1 0.548121 0.369168 0.006592 0.013241
1 0.704845 0.366961 0.006262 0.017654
1 0.684904 0.362232 0.003296 0.008197
1 0.813283 0.363178 0.007581 0.012610
1 0.774390 0.363178 0.002307 0.012610
1 0.754779 0.362863 0.001978 0.019546
1 0.727423 0.390290 0.007251 0.074401
1 0.812129 0.357503 0.003296 0.010088
1 0.770435 0.356242 0.004285 0.012610
1 0.801582 0.357818 0.004614 0.022068
1 0.759888 0.349306 0.002307 0.006305
1 0.721160 0.355296 0.002637 0.019546
1 0.725610 0.348676 0.002966 0.007566
1 0.689024 0.348991 0.002966 0.009458
1 0.074160 0.353090 0.001978 0.017654
1 0.815425 0.348361 0.003955 0.010719
1 0.738299 0.354035 0.005274 0.028373
1 0.990771 0.347415 0.001978 0.018916
1 0.774390 0.344578 0.002307 0.013241
1 0.758899 0.353720 0.002966 0.031526
1 0.483850 0.357503 0.001978 0.042875
1 0.589651 0.342055 0.003955 0.015763
1 0.702703 0.342371 0.004614 0.020177
1 0.538893 0.341740 0.004614 0.018916
1 0.535926 0.341425 0.003296 0.020807
1 0.205669 0.330076 0.003296 0.005675
1 0.547462 0.334174 0.005933 0.015132
1 0.796803 0.332913 0.002966 0.020177
1 0.988629 0.326608 0.002307 0.011349
1 0.819216 0.331652 0.001648 0.022699
1 0.815920 0.326923 0.002307 0.013241
1 0.500989 0.325662 0.005274 0.011980
1 0.425181 0.354666 0.001978 0.069987
1 0.321028 0.322825 0.004614 0.010088
1 0.076137 0.331652 0.009229 0.027743
1 0.092452 0.317781 0.002307 0.011349
1 0.510218 0.315574 0.003296 0.008197
1 0.771259 0.316520 0.002637 0.011349
1 0.055537 0.382724 0.003626 0.143758
1 0.835366 0.319357 0.002966 0.020807
1 0.498682 0.321879 0.005933 0.025851
1 0.406889 0.354981 0.002966 0.092055
1 0.907877 0.321564 0.004944 0.027743
1 0.849374 0.319672 0.005274 0.023960
1 0.886618 0.320303 0.005933 0.026482
1 0.912492 0.319672 0.004285 0.026482
1 0.761536 0.311791 0.005603 0.013241
1 0.510877 0.312421 0.005933 0.014502
1 0.891397 0.321564 0.002307 0.035309
1 0.874423 0.316835 0.005933 0.025851
1 0.772248 0.308953 0.006592 0.010088
1 0.494562 0.319357 0.002307 0.032156
1 0.800758 0.314943 0.002307 0.024590
1 0.538233 0.308323 0.003296 0.012610
1 0.828609 0.314313 0.007251 0.025851
1 0.816414 0.308953 0.002637 0.015132
1 0.007581 0.313682 0.002637 0.028373
1 0.686882 0.307692 0.005274 0.018916
1 0.894364 0.317465 0.004285 0.044767
1 0.535597 0.303594 0.002637 0.017024
1 0.702373 0.304224 0.005933 0.022068
1 0.589156 0.304224 0.005603 0.022068
1 0.548945 0.300126 0.004944 0.018916
1 0.918425 0.295397 0.002307 0.010719
1 0.330257 0.290984 0.004614 0.008197
1 0.478247 0.310530 0.001978 0.051072
1 0.918754 0.284678 0.001648 0.009458
1 0.475115 0.285309 0.001648 0.018285
1 0.911173 0.280895 0.001648 0.017024
1 0.916282 0.283102 0.001978 0.026482
1 0.007746 0.277427 0.003626 0.017654
1 0.817073 0.274590 0.008570 0.017024
1 0.687541 0.271753 0.003955 0.015132
1 0.536421 0.271753 0.004944 0.018916
1 0.681444 0.269546 0.002307 0.018285
1 0.589980 0.269546 0.003955 0.019546
1 0.918919 0.264817 0.001318 0.011349
1 0.547956 0.263241 0.003626 0.008197
1 0.702538 0.269861 0.004944 0.022699
1 0.912821 0.278689 0.002966 0.044136
1 0.007746 0.261349 0.002307 0.013241
1 0.923368 0.292245 0.007581 0.080076
1 0.323336 0.263241 0.001318 0.030895
1 0.497198 0.268916 0.002307 0.044767
1 0.476928 0.265448 0.005274 0.037831
1 0.874918 0.241173 0.002307 0.009458
1 0.074489 0.241173 0.001978 0.011980
1 0.687047 0.238335 0.004285 0.011349
1 0.536585 0.238335 0.004614 0.013871
1 0.875082 0.232030 0.003296 0.011349
1 0.007581 0.229823 0.002637 0.006936
1 0.923204 0.239596 0.004614 0.027743
1 0.913316 0.238020 0.003955 0.027112
1 0.885300 0.238020 0.005274 0.027112
1 0.686223 0.229823 0.003296 0.010719
1 0.871951 0.230454 0.002966 0.014502
1 0.682432 0.235813 0.003626 0.025221
1 0.895517 0.238020 0.005933 0.030895
1 0.702208 0.233607 0.006262 0.022068
1 0.589815 0.232346 0.004944 0.019546
1 0.547956 0.224779 0.005603 0.008197
1 0.903922 0.236444 0.006262 0.035309
1 0.987805 0.268285 0.003955 0.102774
1 0.457317 0.220050 0.001648 0.011349
1 0.788728 0.220996 0.007910 0.015763
1 0.497363 0.220681 0.005933 0.015132
1 0.514502 0.217213 0.003296 0.011980
1 0.116183 0.215637 0.004285 0.010088
1 0.474786 0.212799 0.002966 0.017024
1 0.460943 0.210277 0.002307 0.011980
1 0.267798 0.214061 0.004944 0.022068
1 0.320369 0.212169 0.002637 0.019546
1 0.283289 0.209647 0.001648 0.014502
1 0.287245 0.214691 0.006262 0.027112
1 0.911173 0.207440 0.001648 0.015132
1 0.007581 0.210277 0.002637 0.020807
1 0.918589 0.210908 0.002637 0.025851
1 0.513019 0.204603 0.006262 0.013241
1 0.827950 0.205864 0.009229 0.018285
1 0.305537 0.244325 0.004614 0.097730
1 0.116183 0.201450 0.004944 0.013241
1 0.322841 0.220996 0.002966 0.053594
1 0.457811 0.202711 0.001978 0.020807
1 0.098715 0.209962 0.008240 0.035309
1 0.478906 0.204918 0.004614 0.026482
1 0.698418 0.195145 0.003955 0.009458
1 0.056856 0.250315 0.004285 0.119798
1 0.988958 0.201135 0.002307 0.023960
1 0.912327 0.205549 0.002637 0.034048
1 0.547956 0.194515 0.005603 0.011980
1 0.536585 0.198613 0.003955 0.020177
1 0.480719 0.198613 0.002307 0.022699
1 0.589156 0.197037 0.005603 0.024590
1 0.549275 0.191047 0.004285 0.012610
1 0.079268 0.208701 0.003626 0.050441
1 0.920567 0.204288 0.002637 0.046658
1 0.988464 0.181904 0.001978 0.013241
1 0.814436 0.181589 0.009229 0.013871
1 0.869479 0.176230 0.003955 0.013241
1 0.836025 0.171501 0.002307 0.011349
1 0.726763 0.169294 0.003955 0.009458
1 0.551582 0.169294 0.002307 0.010719
1 0.849209 0.169609 0.004285 0.020177
1 0.007910 0.179382 0.002637 0.040984
1 0.798780 0.168663 0.005603 0.022068
1 0.906394 0.167402 0.005274 0.025851
1 0.910349 0.161097 0.001978 0.018285
1 0.548780 0.164250 0.005274 0.024590
1 0.926500 0.166772 0.002637 0.030895
1 0.853988 0.166141 0.003296 0.029634
1 0.589486 0.158890 0.004285 0.015132
1 0.870468 0.159206 0.003296 0.017024
1 0.686882 0.161412 0.004614 0.021438
1 0.802571 0.162043 0.003955 0.026482
1 0.701714 0.153531 0.004614 0.009458
1 0.814766 0.161412 0.005933 0.027743
1 0.738464 0.159836 0.006262 0.027112
1 0.537409 0.153531 0.002966 0.014502
1 0.548945 0.150378 0.002307 0.009458
1 0.551747 0.150694 0.002637 0.012610
1 0.535267 0.159521 0.001978 0.030265
1 0.988629 0.158890 0.002966 0.031526
1 0.014173 0.145019 0.002637 0.005044
1 0.007910 0.136822 0.002637 0.027743
1 0.043342 0.124212 0.003626 0.006305
1 0.971984 0.109395 0.002637 0.011980
1 0.007910 0.111917 0.003296 0.020807
1 0.991595 0.217213 0.002966 0.240227
1 0.976104 0.100883 0.004285 0.013871
1 0.195616 0.082282 0.003626 0.005675
1 0.991430 0.085750 0.001318 0.021438
1 0.027686 0.091425 0.010547 0.047919
1 0.262690 0.060214 0.002637 0.004414
1 0.025873 0.063367 0.004944 0.010719
1 0.054548 0.049811 0.005603 0.008827
1 0.991925 0.048550 0.002307 0.040353
1 0.008570 0.064628 0.003955 0.072509
1 0.553065 0.001576 0.004614 0.003153
